-01 -01 -01 -01 -01 -01 -01 -01 -01 -01 -01 -01 -01 -01 -01 -01 -01 -01 -01
-01  00  01  02  03  04  05  06  07 -01  08  09  10  11  12  13  14  15 -01
-01  16 -01 -01 -01 -01 -01 -01  17 -01  18 -01  19 -01  20 -01  21  22 -01
-01  23  24  25  26  27  28  29  30  31  32  33  34  35  36  37  38  39 -01
-01  40 -01 -01  41 -01  42 -01 -01 -01 -01 -01  43 -01  44 -01 -01  45 -01
-01  46  47  48  49 -01  50  51  52 -01  53  54  55 -01  56  57  58  59 -01
-01 -01 -01 -01  60 -01 -01 -01  61 -01  62 -01 -01 -01  63 -01 -01 -01 -01
-01 -01 -01 -01  64 -01  65  66  67  68  69  70  71 -01  72 -01 -01 -01 -01
-01 -01 -01 -01  73 -01  74 -01 -01  75 -01 -01  76 -01  77 -01 -01 -01 -01
 78  79  80  81  82  83  84 -01  85  86  87 -01  88  89  90  91  92  93  94
-01 -01 -01 -01  95 -01  96 -01 -01 -01 -01 -01  97 -01  98 -01 -01 -01 -01 
-01 -01 -01 -01  99 -01 100 101 102 103 104 105 106 -01 107 -01 -01 -01 -01
-01 -01 -01 -01 108 -01 109 -01 -01 -01 -01 -01 110 -01 111 -01 -01 -01 -01 
-01 112 113 114 115 116 117 118 119 -01 120 121 122 123 124 125 126 127 -01
-01 128 -01 -01 129 -01 -01 -01 130 -01 131 -01 -01 -01 132 -01 -01 133 -01
-01 134 135 -01 136 137 138 139 140 141 142 143 144 145 146 -01 147 148 -01
-01 -01 149 -01 150 -01 151 -01 -01 -01 -01 -01 152 -01 153 -01 154 -01 -01
-01 155 156 157 158 -01 159 160 161 -01 162 163 164 -01 165 166 167 168 -01
-01 169 -01 -01 -01 -01 -01 -01 170 -01 -01 -01 -01 -01 -01 -01 -01 171 -01
-01 172 173 174 175 176 177 178 179 180 181 182 183 184 185 186 187 188 -01
-01 -01 -01 -01 -01 -01 -01 -01 -01 -01 -01 -01 -01 -01 -01 -01 -01 -01 -01

78 79 75 80 85 86 87 91 93 94
